5926
3988
4334
2502
5954
5988
5263
4354
8517
8419
2326
1660
7241
2487
3502
6806
9967
8784
1704
5101
2278
1707
1197
5666
3419
2647
9841
3443
1633
5574
1137
2964
2761
7822
3921
6416
9668
6961
8526
3693
9822
1972
3991
5523
2382
4835
7489
3490
4171
3804
3809
2525
9520
2960
3828
1652
8316
9995
7795
7234
5556
4755
4563
4360
1966
6837
9000
6188
6347
7501
4212
7812
3109
7604
6551
3277
6858
2127
4332
9390
9025
9195
1249
7958
2321
4607
5744
6450
6747
7926
7521
8235
3533
9912
9500
4141
9429
4649
6564
7201
2443
7528
6488
2497
7097
6030
6698
8000
8397
2856
7667
7813
5330
6670
7196
4683
3806
2818
2737
5663
9988
4371
2184
9575
8879
2993
7842
9286
9057
7331
5472
9098
7409
6630
9431
5487
7700
3644
6866
2588
1435
4484
9931
8821
6602
2514
1784
9388
7899
2853
2504
7124
7765
6378
7495
4378
5470
9144
2945
6472
2616
2468
7626
8891
2640
9846
4108
8131
6107
8623
4535
3386
2091
8301
9213
7994
4043
6713
7374
7198
7139
8829
3920
2753
9533
2033
1721
4947
4031
6029
6538
5224
7789
7055
4496
7429
1445
3169
5673
9678
3400
6640
8784
3729
2663
2210
5593
6813
1290
9048
4139
5199
6615
2698
1450
3941
7511
2536
4874
3079
1853
7550
8133
4396
5007
2045
4866
1361
1237
6401
8959
5021
8101
7993
8623
2214
1707
8683
2020
8686
3014
7483
2264
8664
9903
6032
5888
5788
1827
2783
2008
7707
1581
2499
1163
8741
9494
4290
2698
4187
5252
5452
6292
9342
2187
2897
9038
9846
6202
9042
1981
9050
5389
6417
2662
9024
6973
4387
8621
5711
6080
3633
1661
2695
3254
5123
8145
9035
3083
8421
1326
2759
8516
3043
9390
7160
4566
8268
2035
6647
1118
8247
4965
4304
4167
2294
5150
3337
9188
2240
1843
4217
1472
8458
9690
7569
3558
6591
1523
4748
9864
7636
9571
9999
9097
1969
5128
8063
1857
5220
5748
8743
9169
1584
4737
5061
7994
9447
9839
3680
7559
1477
1580
1828
6779
1066
4268
4391
3914
9067
1360
4092
5806
3712
6888
7465
2132
9724
6233
3436
2619
2722
2859
2992
5529
6186
6380
3504
2598
5578
1061
6375
1907
2059
9136
9836
6111
1213
2694
9210
6332
3309
7430
4639
7930
9572
2213
9560
1536
8273
5414
3197
7295
4364
7391
9235
9598
1198
4535
1693
4937
3647
6341
7220
7643
5474
3902
8996
8597
5439
8982
3646
1525
8968
8529
3221
9594
9174
6885
1484
6947
7284
6085
6646
3461
7898
8998
2983
7141
4552
7905
7403
2551
8569
4802
3649
8687
5347
2789
6896
2966
7614
4494
1267
8750
6592
6787
2164
6702
8364
5514
8199
4496
2122
9384
7937
3008
2555
7485
7890
8623
4426
5851
7010
8100
7452
9335
1072
9203
3035
7524
1083
8083
1554
6788
9517
3657
8000
6951
1255
7613
1528
3216
8392
1654
4982
7265
1721
7723
7556
7945
1774
8295
5237
5083
1414
9714
4209
3022
3604
4536
8388
4243
4642
3388
2134
3950
8605
6174
3066
9906
9481
3850
4082
2653
7174
6031
1547
6284
6196
1537
1175
4693
7382
1569
4906
4152
7587
8195
7243
4375
7421
7261
3362
6687
9928
1240
9734
6736
8835
9469
5636
8667
4225
8383
7009
9654
3254
5595
8452
3306
4885
2987
3992
1878
6701
5455
4455
4573
3580
5821
3799
3843
8593
4463
1621
3182
4228
9130
5028
7821
7373
9341
5726
1733
4456
4191
4324
1965
3784
2988
8771
9744
6973
4440
5627
5484
9582
2268
1509
8386
4282
5344
1258
5981
2182
1102
4427
7033
2786
9301
6230
2553
2023
4261
2634
5178
3899
7463
7339
5028
9874
1131
5994
2948
2393
1233
7812
2351
2949
4053
6918
7820
9763
7435
5157
2188
8464
3300
9055
7664
8742
6256
9262
9176
3401
1454
7721
4996
2193
2346
1706
5373
8698
1510
9295
1431
7334
5989
7427
1694
9845
6950
8992
9117
6942
1455
1936
6284
1314
3050
9894
8994
2532
7927
5956
4446
3363
4495
9374
8022
6001
1708
4307
3848
6647
5011
7399
2020
4764
8787
1253
9329
3442
1171
1933
5194
9513
4911
2038
1615
7482
3020
5543
7242
5925
1386
9476
9488
4350
3208
1491
6883
4916
8853
3459
9980
1412
1339
3360
5553
6045
8887
6160
6779
5048
5793
6037
6150
7114
3826
1261
3657
9249
2486
9109
2190
7247
8906
3939
4964
4126
9625
7433
3837
7002
7888
4556
3299
4910
8026
2455
8975
9014
8080
7646
2336
7909
7561
5112
2978
3069
9380
3583
8705
4420
4560
8224
3386
3353
9593
7676
2779
6888
1854
6056
7283
4598
3667
4483
6727
8958
1601
8071
9321
7595
9537
2168
7048
8504
6682
4073
4930
9112
1207
8612
8401
5996
9552
2151
4016
2069
8237
4898
4569
3218
1878
7443
1297
7356
4472
3579
4069
2780
1385
7592
7502
6367
8822
2343
7797
4955
1659
8921
9380
5405
5824
5519
4169
7790
3735
3236
4784
9225
2998
5706
8215
5209
4762
9775
8124
6146
1116
5857
3359
1113
8653
6386
8927
7796
6644
9376
1767
2377
8814
5630
7552
5315
3432
9429
8261
2819
5962
4829
2051
9900
4339
7446
1393
7035
1302
5796
7366
9407
4920
1551
9387
9893
4759
2084
7670
1409
1658
2518
4086
7062
9510
6159
5343
2321
4094
6412
1109
8305
8016
1084
8687
9477
6311
8081
1026
2543
3121
8953
9422
8871
1344
1028
4825
3215
9514
4133
9470
3383
3983
1363
9287
3882
8938
1676
4866
5224
6986
1849
9515
6342
9167
9963
6828
5565
1863
7446
8927
2699
4250
1791
4829
8035
2791
4144
1409
3499
4506
9478
8615
3006
9094
8077
3594
6300
1286
9033
4820
6142
6440
1730
8763
5870
8609
5222
4373
8241
8652
2927
3435
9617
5748
5185
7831
4846
6499
5173
8501
4230
8584
9143
7035
7195
2824
2625
7742
8630
9583
6470
1788
2095
9615
2121
1981
4791
1982
4356
2047
2084
4651
6746
6973
3354
7152
4365
2023
2793
7861
7167
2374
1931
7857
2564
9999
8131
